’ψ63-

0661111111,1961611616116116,2,1.6111166,2, 511166, 3, 6. ,

[1116666 mazeus 161161, 3, 53. mundo3 3, 66. 6666666, 3, 69. hoe —

6666611166, 4, 38. 61111416, 4,69 gigas3 5,.21 direpl3a 5, 27. demp-v
6616, 8, 10. dimouebit3 8, 27. oape3 9, 5. alie; 10, 8. numine3 12, 10.
‘in 116166 edes versuum dispositione legit¹ rme ...... 661666 nostri eod.
scripti 61666116 macula 666 1166666611661161666, 13,1. 8661166166,
15,.2 fige316,13. 6111616, 16, 26. impiger, 24, 49. materiem, 25,2.
666, 25, 6. 66661116, 27, 15. velet3 27, 22. 466661, 28, 7116116616,
29,17. Andromedam 29, 35. delabentis.

Ex IIII. 0661616616 libre ideo nihil preferri 666666, 6616 16 1166 libre
emendando 66166 Blandiniee adhibuit 06666166, ef. p. 19 sqq.

Epod. 3, 21. 66616, 5, 58. 8611666666, 12, 3. nee- 116666, 13, 2.
’1ῗὲ16111666 6166166666. 1116 versus in omnibus libris seriptis 6666666661,

866161, 2. 1616, 1, 38. 66616116, 1, 39. (1661666661 ,45 miiia3
1, 81. 61111116, 6,1 90. perdes3 1, 91. in eamp03 1, 94. 66, 1,101.
11666166, 1, 118, 6166661166, 2, 14. 61166666,62, 18. in se3 2, 51.
munilieo3 2, 63. peecesve 2, 81. 666, 2, 86. 6661666, 2, 106. 66666 ur
2, 107. 666666, 2, 169. 11166166, 3, 7. 8666116, 3, 2066 6, ·3, 58. tardo ·-
pinqui3 3, 63. simplicior quis 66666, 3, 81. 1166661616, 3‚128. 666,
4, 15. eeeipiam3 4, 18. loquentis3 4, 49. insanus3 43101. 61666, 4, 105.
insuerit -— me; 4, 119. possum3 4, 124. 16666161, 5, 36. ν66111661, 5, 51.

016661, 5, 68. 6111666615,872.116666 maeres 61616, 6, 18. lenge lon·

geque3 6, 29.[66161166161661116131ἑ 6631.66666166,6,49.166616,

6, 53. poesim3 6, 70. [6166 6166 ear. 611111, 6, 87. 1166, 6, 96. 116-
nes'les36,111.milibus36, 115 1666111666, 6, 180. 6166616611, 8, 2.

16661,6666 9, 2 66 666 (6166 66;) 9, 3. 66666616, 6,9 471661166611,
9, 60. 6616, ·9, 64. prensare, 10, 29. 66166, 10, 28. 1166161, 10, 59. ae.

866.161,11 31. 66666166,1611,6666661, 1, 47. 061·6166,1, 69.

6111166161, 1, 79. hine3 2, 16661, 2,.2811661, 2,.38 166666 6666611661,
2, 47. 0611661, 2, 48. aequor 616661, 2, 53. 11666666, 2, 58. (1616 v. ’
61, 2, 64. 616116, 2, 7966171616, 2,107. 6661· 116, 2,123. 66166,
2, 12466, 3, 22. 6611166616, 3, 25. Mercuriale, 3, 69. seribe decem
e 66116· 3, 89. 6111666, 3, 96. eonlrexerii3 3,108. 661, 3, 15111666,
3,155,6,6 3,157. pereamque, 3,169 diuisse3 3, 170. 1166, 3, 180.
166116,66 3,183.166666611161666, 3,194.66166616,60,3 all.

[eum 1111111661 es] 3, 212. 6616616116, 3, 219. quid3 3, 225. 616666,
3, 235. verris3 3 238. 661116, 3, 260. 66166111 666616, 3, 274. 16616,
3, 301. 666 me 66616166, 4, 37. 66666666, 04, 6611661616 4, 66.
661616, 5,18. 66 ne t.egems D. 1., 5, 36. quesse3 5, 61. 666,
6, 9. (1666611166, 6, 24. urge3 6, 44. Thraex 661 0611, 6, 77. haee;
6, 82. 666661, 6, 34. sepositi· , 16, 92. vie3 6, 95. bene3 6, 116. va-
1666, 7, 18. 11666111, 7, 19. 666166, 7, 30. 66666111, 7, 31. 61666666,

 

